               c_j                  -3.00         0.00         1.00         0.00         0.00    -10000.00    -10000.00
c_b          x_b         b            x_1          x_2          x_3          x_4          x_5          x_6          x_7    
        0.00 x_4         4.00         1.00         1.00         1.00         1.00         0.00         0.00         0.00
   -10000.00 x_6         1.00        -2.00         1.00        -1.00         0.00        -1.00         1.00         0.00
   -10000.00 x_7         9.00         0.00         3.00         1.00         0.00         0.00         0.00         1.00
                                       -20003.00    40000.00        1.00        0.00   -10000.00        0.00        0.00

               c_j                  -3.00         0.00         1.00         0.00         0.00    -10000.00    -10000.00
c_b          x_b         b            x_1          x_2          x_3          x_4          x_5          x_6          x_7    
        0.00 x_4         3.00         3.00         0.00         2.00         1.00         1.00        -1.00         0.00
        0.00 x_2         1.00        -2.00         1.00        -1.00         0.00        -1.00         1.00         0.00
   -10000.00 x_7         6.00         6.00         0.00         4.00         0.00         3.00        -3.00         1.00
                                        59997.00        0.00    40001.00        0.00    30000.00   -40000.00        0.00

               c_j                  -3.00         0.00         1.00         0.00         0.00    -10000.00    -10000.00
c_b          x_b         b            x_1          x_2          x_3          x_4          x_5          x_6          x_7    
        0.00 x_4         0.00         0.00         0.00         0.00         1.00        -0.50         0.50        -0.50
        0.00 x_2         3.00         0.00         1.00         0.33         0.00         0.00         0.00         0.33
       -3.00 x_1         1.00         1.00         0.00         0.67         0.00         0.50        -0.50         0.17
                                            0.00        0.00        3.00        0.00        1.50   -10001.50    -9999.50

               c_j                  -3.00         0.00         1.00         0.00         0.00    -10000.00    -10000.00
c_b          x_b         b            x_1          x_2          x_3          x_4          x_5          x_6          x_7    
        0.00 x_4         0.00         0.00         0.00         0.00         1.00        -0.50         0.50        -0.50
        0.00 x_2         2.50        -0.50         1.00         0.00         0.00        -0.25         0.25         0.25
        1.00 x_3         1.50         1.50         0.00         1.00         0.00         0.75        -0.75         0.25
                                           -4.50        0.00        0.00        0.00       -0.75    -9999.25   -10000.25

